        9	2026-03-31 06:09:17	1	255	1	0
        7	2026-03-31 06:09:21	1	255	1	0
        8	2026-03-31 06:09:34	1	255	1	0
        8	2026-03-31 06:14:15	1	255	1	0
        8	2026-03-31 13:06:39	1	255	1	0
        9	2026-03-31 13:06:44	1	255	1	0
        7	2026-03-31 13:06:56	1	255	1	0
        9	2026-03-31 13:58:53	1	0	1	0
        8	2026-03-31 13:59:02	1	0	1	0
        7	2026-03-31 13:59:12	1	0	1	0
        7	2026-03-31 16:02:43	1	255	1	0
        8	2026-03-31 16:03:05	1	255	1	0
        9	2026-03-31 16:03:10	1	255	1	0
        7	2026-03-31 17:00:56	1	1	1	0
        9	2026-03-31 17:01:00	1	1	1	0
        8	2026-03-31 17:01:06	1	1	1	0
