9	2026-03-31 06:09:17	1	255	1	0
7	2026-03-31 06:09:21	1	255	1	0
8	2026-03-31 06:09:34	1	255	1	0
8	2026-03-31 06:14:15	1	255	1	0
8	2026-03-31 13:06:39	1	255	1	0
9	2026-03-31 13:06:44	1	255	1	0
7	2026-03-31 13:06:56	1	255	1	0
9	2026-03-31 13:58:53	1	0	1	0
8	2026-03-31 13:59:02	1	0	1	0
7	2026-03-31 13:59:12	1	0	1	0
7	2026-03-31 16:02:43	1	255	1	0
8	2026-03-31 16:03:05	1	255	1	0
9	2026-03-31 16:03:10	1	255	1	0
7	2026-03-31 17:00:56	1	1	1	0
9	2026-03-31 17:01:00	1	1	1	0
8	2026-03-31 17:01:06	1	1	1	0
7	2026-04-02 15:53:28	1	255	1	0
9	2026-04-02 15:53:32	1	255	1	0
8	2026-04-02 15:53:36	1	255	1	0
7	2026-04-02 17:33:46	1	255	1	0
9	2026-04-02 17:33:54	1	255	1	0
8	2026-04-02 17:34:01	1	255	1	0
7	2026-04-02 18:14:38	1	255	1	0
7	2026-04-02 20:06:16	1	255	1	0
7	2026-04-02 22:35:59	1	1	1	0
9	2026-04-02 22:36:03	1	1	1	0
8	2026-04-02 22:36:22	1	4	1	0
7	2026-04-02 22:57:12	1	255	1	0
9	2026-04-02 22:57:19	1	255	1	0
7	2026-04-03 01:04:43	1	255	1	0
9	2026-04-03 01:06:59	1	255	1	0
9	2026-04-03 02:35:41	1	255	1	0
7	2026-04-03 04:16:39	1	255	1	0
7	2026-04-04 01:06:41	1	255	1	0
7	2026-04-04 13:31:43	1	255	1	0
9	2026-04-04 13:31:46	1	255	1	0
8	2026-04-04 13:31:50	1	255	1	0
7	2026-04-04 19:54:27	1	255	1	0
9	2026-04-04 19:54:33	1	255	1	0
8	2026-04-04 19:54:37	1	255	1	0
7	2026-04-04 23:35:45	1	255	1	0
8	2026-04-04 23:36:01	1	255	1	0
7	2026-04-05 12:49:18	1	255	1	0
9	2026-04-05 12:49:22	1	255	1	0
8	2026-04-05 12:49:30	1	255	1	0
7	2026-04-09 19:59:48	1	255	1	0
9	2026-04-09 19:59:51	1	255	1	0
8	2026-04-09 20:00:11	1	255	1	0
7	2026-04-09 22:17:27	1	255	1	0
9	2026-04-09 22:17:29	1	255	1	0
7	2026-04-10 00:30:51	1	255	1	0
9	2026-04-10 02:03:50	1	4	1	0
7	2026-04-10 02:04:25	1	1	1	0
9	2026-04-10 02:46:33	1	5	1	0
7	2026-04-10 07:26:39	1	255	1	0
9	2026-04-10 07:26:45	1	255	1	0
8	2026-04-10 07:26:51	1	255	1	0
7	2026-04-10 10:19:26	1	255	1	0
9	2026-04-10 10:19:29	1	255	1	0
8	2026-04-10 16:43:28	1	255	1	0
7	2026-04-10 18:32:34	1	255	1	0
8	2026-04-10 19:23:48	1	255	1	0
2	2026-04-13 20:05:48	1	255	1	0
7	2026-04-14 20:00:14	1	255	1	0
